Applications Graphics Acceleration Info:
Uptime: 361377 Realtime: 361377

** Graphics info for pid 4370 [com.kaflul.mathmaze.test] **

Stats since: 341449673704ns
Total frames rendered: 230
Janky frames: 230 (100.00%)
Janky frames (legacy): 230 (100.00%)
50th percentile: 200ms
90th percentile: 250ms
95th percentile: 400ms
99th percentile: 500ms
Number Missed Vsync: 226
Number High input latency: 0
Number Slow UI thread: 153
Number Slow bitmap uploads: 0
Number Slow issue draw commands: 230
Number Frame deadline missed: 230
Number Frame deadline missed (legacy): 230
HISTOGRAM: 5ms=0 6ms=0 7ms=0 8ms=0 9ms=0 10ms=0 11ms=0 12ms=0 13ms=0 14ms=0 15ms=0 16ms=0 17ms=0 18ms=0 19ms=0 20ms=0 21ms=0 22ms=0 23ms=0 24ms=0 25ms=0 26ms=0 27ms=0 28ms=0 29ms=0 30ms=0 31ms=0 32ms=0 34ms=0 36ms=0 38ms=0 40ms=0 42ms=0 44ms=0 46ms=0 48ms=0 53ms=0 57ms=0 61ms=0 65ms=0 69ms=0 73ms=0 77ms=0 81ms=0 85ms=0 89ms=0 93ms=0 97ms=0 101ms=0 105ms=0 109ms=1 113ms=0 117ms=1 121ms=0 125ms=0 129ms=0 133ms=2 150ms=91 200ms=103 250ms=13 300ms=4 350ms=2 400ms=6 450ms=3 500ms=2 550ms=2 600ms=0 650ms=0 700ms=0 750ms=0 800ms=0 850ms=0 900ms=0 950ms=0 1000ms=0 1050ms=0 1100ms=0 1150ms=0 1200ms=0 1250ms=0 1300ms=0 1350ms=0 1400ms=0 1450ms=0 1500ms=0 1550ms=0 1600ms=0 1650ms=0 1700ms=0 1750ms=0 1800ms=0 1850ms=0 1900ms=0 1950ms=0 2000ms=0 2050ms=0 2100ms=0 2150ms=0 2200ms=0 2250ms=0 2300ms=0 2350ms=0 2400ms=0 2450ms=0 2500ms=0 2550ms=0 2600ms=0 2650ms=0 2700ms=0 2750ms=0 2800ms=0 2850ms=0 2900ms=0 2950ms=0 3000ms=0 3050ms=0 3100ms=0 3150ms=0 3200ms=0 3250ms=0 3300ms=0 3350ms=0 3400ms=0 3450ms=0 3500ms=0 3550ms=0 3600ms=0 3650ms=0 3700ms=0 3750ms=0 3800ms=0 3850ms=0 3900ms=0 3950ms=0 4000ms=0 4050ms=0 4100ms=0 4150ms=0 4200ms=0 4250ms=0 4300ms=0 4350ms=0 4400ms=0 4450ms=0 4500ms=0 4550ms=0 4600ms=0 4650ms=0 4700ms=0 4750ms=0 4800ms=0 4850ms=0 4900ms=0 4950ms=0
50th gpu percentile: 4950ms
90th gpu percentile: 4950ms
95th gpu percentile: 4950ms
99th gpu percentile: 4950ms
GPU HISTOGRAM: 1ms=0 2ms=0 3ms=1 4ms=0 5ms=0 6ms=1 7ms=0 8ms=0 9ms=0 10ms=0 11ms=0 12ms=0 13ms=2 14ms=0 15ms=0 16ms=0 17ms=1 18ms=0 19ms=0 20ms=2 21ms=0 22ms=0 23ms=1 24ms=1 25ms=0 4950ms=221

Pipeline=Skia (OpenGL)
Memory policy:
  Max surface area: 2073600
  Max resource usage: 99.53MB (x48)
  Background retention: 50% (altUiHidden = true)
  GPU Context timeout: 10
Contexts: 1 (stopped = 0)
CPU Caches:
  Glyph Cache: 0.00 bytes (1 entry)
  Glyph Count: 0 
Total CPU memory usage:
  0 bytes, 0.00 bytes (0.00 bytes is purgeable)
GPU Caches:
  Other:
    Other: 0.00 bytes (1 entry)
Total GPU memory usage:
  0 bytes, 0.00 bytes (0.00 bytes is purgeable)

GraphicBufferAllocator buffers:
            Handle |         Size |     W (Stride) x H | Layers |   Format |      Usage | Requestor
0xb400007aa8a9fe90 |      unknown |  432 (   0) x  936 |      1 |        1 | 0x     b00 | VRI[MainActivity]#0(BLAST Consumer)0
0xb400007aa8aa35b0 |      unknown |  432 (   0) x  936 |      1 |        1 | 0x     b00 | VRI[MainActivity]#0(BLAST Consumer)0
0xb400007aa8ab0a50 |      unknown |  432 (   0) x  936 |      1 |        1 | 0x     b00 | VRI[MainActivity]#0(BLAST Consumer)0
Total allocated by GraphicBufferAllocator (estimate): 0.00 KB
Imported gralloc buffers:
+ name:VRI[MainActivity]#0(BLAST Consumer)0, id:109, size:1579.81KiB, w/h:432x936, usage: 0xb00, req fmt:1, fourcc/mod:875708993/0, dataspace: 0x8810000, compressed: false
+ name:VRI[MainActivity]#0(BLAST Consumer)0, id:110, size:1579.81KiB, w/h:432x936, usage: 0xb00, req fmt:1, fourcc/mod:875708993/0, dataspace: 0x0, compressed: false
+ name:VRI[MainActivity]#0(BLAST Consumer)0, id:108, size:1579.81KiB, w/h:432x936, usage: 0xb00, req fmt:1, fourcc/mod:875708993/0, dataspace: 0x8810000, compressed: false
Total imported by gralloc: 4739.44KiB

Profile data in ms:

	com.kaflul.mathmaze.test/com.kaflul.mathmaze.MainActivity/android.view.ViewRootImpl@e83279d (visibility=0)
Window: com.kaflul.mathmaze.test/com.kaflul.mathmaze.MainActivity
Stats since: 341449673495ns
Total frames rendered: 230
Janky frames: 230 (100.00%)
Janky frames (legacy): 230 (100.00%)
50th percentile: 200ms
90th percentile: 250ms
95th percentile: 400ms
99th percentile: 500ms
Number Missed Vsync: 226
Number High input latency: 0
Number Slow UI thread: 153
Number Slow bitmap uploads: 0
Number Slow issue draw commands: 230
Number Frame deadline missed: 230
Number Frame deadline missed (legacy): 230
HISTOGRAM: 5ms=0 6ms=0 7ms=0 8ms=0 9ms=0 10ms=0 11ms=0 12ms=0 13ms=0 14ms=0 15ms=0 16ms=0 17ms=0 18ms=0 19ms=0 20ms=0 21ms=0 22ms=0 23ms=0 24ms=0 25ms=0 26ms=0 27ms=0 28ms=0 29ms=0 30ms=0 31ms=0 32ms=0 34ms=0 36ms=0 38ms=0 40ms=0 42ms=0 44ms=0 46ms=0 48ms=0 53ms=0 57ms=0 61ms=0 65ms=0 69ms=0 73ms=0 77ms=0 81ms=0 85ms=0 89ms=0 93ms=0 97ms=0 101ms=0 105ms=0 109ms=1 113ms=0 117ms=1 121ms=0 125ms=0 129ms=0 133ms=2 150ms=91 200ms=103 250ms=13 300ms=4 350ms=2 400ms=6 450ms=3 500ms=2 550ms=2 600ms=0 650ms=0 700ms=0 750ms=0 800ms=0 850ms=0 900ms=0 950ms=0 1000ms=0 1050ms=0 1100ms=0 1150ms=0 1200ms=0 1250ms=0 1300ms=0 1350ms=0 1400ms=0 1450ms=0 1500ms=0 1550ms=0 1600ms=0 1650ms=0 1700ms=0 1750ms=0 1800ms=0 1850ms=0 1900ms=0 1950ms=0 2000ms=0 2050ms=0 2100ms=0 2150ms=0 2200ms=0 2250ms=0 2300ms=0 2350ms=0 2400ms=0 2450ms=0 2500ms=0 2550ms=0 2600ms=0 2650ms=0 2700ms=0 2750ms=0 2800ms=0 2850ms=0 2900ms=0 2950ms=0 3000ms=0 3050ms=0 3100ms=0 3150ms=0 3200ms=0 3250ms=0 3300ms=0 3350ms=0 3400ms=0 3450ms=0 3500ms=0 3550ms=0 3600ms=0 3650ms=0 3700ms=0 3750ms=0 3800ms=0 3850ms=0 3900ms=0 3950ms=0 4000ms=0 4050ms=0 4100ms=0 4150ms=0 4200ms=0 4250ms=0 4300ms=0 4350ms=0 4400ms=0 4450ms=0 4500ms=0 4550ms=0 4600ms=0 4650ms=0 4700ms=0 4750ms=0 4800ms=0 4850ms=0 4900ms=0 4950ms=0
50th gpu percentile: 4950ms
90th gpu percentile: 4950ms
95th gpu percentile: 4950ms
99th gpu percentile: 4950ms
GPU HISTOGRAM: 1ms=0 2ms=0 3ms=1 4ms=0 5ms=0 6ms=1 7ms=0 8ms=0 9ms=0 10ms=0 11ms=0 12ms=0 13ms=2 14ms=0 15ms=0 16ms=0 17ms=1 18ms=0 19ms=0 20ms=2 21ms=0 22ms=0 23ms=1 24ms=1 25ms=0 4950ms=221



---PROFILEDATA---
Flags,FrameTimelineVsyncId,IntendedVsync,Vsync,InputEventId,HandleInputStart,AnimationStart,PerformTraversalsStart,DrawStart,FrameDeadline,FrameStartTime,FrameInterval,WorkloadTarget,SyncQueued,SyncStart,IssueDrawCommandsStart,SwapBuffers,FrameCompleted,DequeueBufferDuration,QueueBufferDuration,GpuCompleted,SwapBuffersCompleted,DisplayPresentTime,CommandSubmissionCompleted,
0,48115,351983716905,352050383569,0,352058688167,352058688834,352059622792,352059665334,352217050229,352058686209,16666666,16666666,352059818209,352127768625,352127898875,352200821500,352264352084,1750,169083,352264352084,352201418750,0,352200821500,
0,48123,352067050235,352117050233,0,352130174667,352130175375,352131429000,352131474125,352283716893,352130172209,16666666,16666666,352131782084,352201488875,352201531000,352282251459,352342158875,2042,101250,352342158875,352282618292,0,352282251459,
0,48131,352133716899,352200383563,0,352203454875,352203455709,352204547042,352204842167,352367050223,352203452792,16666666,16666666,352204982292,352282689500,352282726125,352356258250,352415031751,2292,172625,352415031751,352356744750,0,352356258250,
0,48139,352217050229,352283716893,0,352286255167,352286255834,352287896542,352287931250,352433716887,352286253042,16666666,16666666,352288159084,352356879000,352356905167,352429766417,352487774126,1750,114750,352487774126,352430176959,0,352429766417,
0,48147,352300383559,352350383557,0,352359774292,352359775042,352360790042,352360828500,352517050217,352359771625,16666666,16666666,352360954792,352430245709,352430278667,352503649167,352563786042,1584,176042,352563786042,352504147626,0,352503649167,
0,48155,352367050223,352417050221,0,352433243417,352433244042,352433855584,352433891792,352583716881,352433240501,16666666,16666666,352434069001,352504218709,352504366917,352581736126,352638187917,2042,117959,352638187917,352582256084,0,352581736126,
0,48163,352450383553,352500383551,0,352506729376,352506730001,352508669334,352508708792,352667050211,352506727292,16666666,16666666,352509000292,352582331459,352582374542,352654531626,352715567667,1709,175917,352715567667,352655119251,0,352654531626,
0,48171,352517050217,352583716881,0,352585394959,352585395417,352586356209,352586396251,352733716875,352585392626,16666666,16666666,352586530001,352655195001,352655240542,352733326459,352790250042,2167,108750,352790250042,352733768834,0,352733326459,
0,48179,352600383547,352650383545,0,352660417334,352660418209,352663056126,352663112792,352817050205,352660414917,16666666,16666666,352663414834,352733839626,352733872709,352805177042,352866286001,3958,124542,352866286001,352805643876,0,352805177042,
0,48187,352667050211,352733716875,0,352736637709,352736638001,352737527917,352737569167,352883716869,352736635751,16666666,16666666,352737893709,352805714751,352805729501,352882516334,352942308709,2417,180084,352942308709,352883024584,0,352882516334,
0,48195,352750383541,352800383539,0,352807984251,352807984542,352809192042,352809233584,352967050199,352807981917,16666666,16666666,352809470751,352883104126,352883141084,352958744751,353015277167,2250,201375,353015277167,352959245042,0,352958744751,
0,48203,352817050205,352883716869,0,352886846709,352886847334,352887620751,352887664126,353033716863,352886844417,16666666,16666666,352887919834,352959317334,352959360126,353030051584,353088692667,1583,105709,353088692667,353030481542,0,353030051584,
0,48211,352900383535,352950383533,0,352963051501,352963052126,352965076959,352965122001,353117050193,352963049459,16666666,16666666,352965399667,353030551751,353030629417,353101817709,353160925043,2542,201250,353160925043,353102378626,0,353101817709,
0,48219,352967050199,353017050197,0,353033216626,353033217084,353034991334,353035030959,353183716857,353033214292,16666666,16666666,353035171084,353102457793,353102565293,353177165459,353238298501,1667,112000,353238298501,353177539001,0,353177165459,
0,48227,353050383529,353100383527,0,353104799251,353104799584,353106161251,353106206584,353267050187,353104797334,16666666,16666666,353106398543,353177611543,353177645793,353254115709,353319509709,3083,303708,353319509709,353254914209,0,353254115709,
0,48235,353117050193,353167050191,0,353179606293,353179606918,353181242751,353181280876,353350383517,353179603876,16666666,16666666,353181412209,353254983459,353255106293,353338153543,353398797293,2083,116292,353398797293,353338694168,0,353338153543,
0,48243,353183716857,353250383521,0,353257667001,353257667626,353258964084,353259004584,353417050181,353257664543,16666666,16666666,353259141168,353338763668,353338840709,353421130876,353474534084,2084,132459,353474534084,353421609668,0,353421130876,
0,48251,353267050187,353333716851,-751541957,353342805959,353342806793,353345210251,353345283626,353500383511,353342803334,16666666,16666666,353345535334,353421678584,353421709918,353492306501,353548051793,1750,120625,353548051793,353492809459,0,353492306501,
0,48259,353350383517,353417050181,-235489029,353424286709,353424287334,353425371001,353425412626,353567050175,353424284418,16666666,16666666,353425530001,353492881834,353492901251,353567454793,353617752043,1833,141875,353617752043,353567874459,0,353567454793,
0,48267,353433716847,353483716845,0,353495475209,353495475876,353501265293,353501322209,353650383505,353495472918,16666666,16666666,353502906418,353567941834,353567956126,353634761668,353701983709,1458,81375,353701983709,353635232751,0,353634761668,
0,48275,353517050177,353567050175,0,353570904334,353570904918,353572734793,353572804543,353733716835,353570902209,16666666,16666666,353572940918,353635302084,353635345793,353721033501,353782386251,3167,566500,353782386251,353721949793,0,353721033501,
0,48283,353583716841,353633716839,0,353637746626,353637747334,353638594043,353638636626,353800383499,353637743876,16666666,16666666,353638772668,353722026334,353722047084,353800098335,353860405168,1583,157541,353860405168,353802582126,0,353800098335,
0,48291,353650383505,353717050169,0,353724736126,353724736584,353728453043,353728511459,353883716829,353724733876,16666666,16666666,353728666251,353802661543,353802704085,353877834168,353932995710,3000,346250,353932995710,353878753918,0,353877834168,
0,48299,353733716835,353800383499,0,353806153460,353806154001,353807262085,353807302251,353950383493,353806150168,16666666,16666666,353807429876,353878837501,353878879085,353947981168,354007799376,1583,178333,354007799376,353948447085,0,353947981168,
0,48307,353817050165,353867050163,0,353881729710,353881730168,353882490501,353882528168,354033716823,353881727751,16666666,16666666,353882729376,353948528751,353948568043,354023754543,354091826460,2167,362084,354091826460,354024573251,0,354023754543,
0,48315,353883716829,353950383493,0,353952512751,353952513501,353953589210,353953628668,354117050153,353952510210,16666666,16666666,353953769043,354024656835,354024746710,354108926418,354172352085,2667,260917,354172352085,354109491751,0,354108926418,
0,48323,353967050159,354017050157,0,354025449293,354025449543,354026117460,354026386460,354200383483,354025447543,16666666,16666666,354028192918,354109565835,354109603043,354187876335,354246906918,1917,193750,354246906918,354188508126,0,354187876335,
0,48331,354033716823,354100383487,0,354112854876,354112855585,354114066293,354114109126,354267050147,354112852251,16666666,16666666,354114277460,354188579501,354188612793,354263378543,354323515918,2291,243541,354323515918,354263931960,0,354263378543,
0,48339,354117050153,354183716817,0,354190966251,354190966793,354192619710,354192659793,354350383477,354190964085,16666666,16666666,354192790085,354263998501,354264096793,354338735918,354402428210,2042,196042,354402428210,354339297168,0,354338735918,
0,48347,354200383483,354250383481,0,354266850001,354266850626,354269137835,354269182460,354433716807,354266847835,16666666,16666666,354270456168,354339368001,354339510835,354421227460,354481400626,1791,91292,354481400626,354421689543,0,354421227460,
0,48355,354283716813,354333716811,0,354341852876,354341853626,354342976210,354343016543,354500383471,354341850460,16666666,16666666,354344223168,354421770960,354421787710,354496182085,354556938835,3667,124375,354556938835,354496628085,0,354496182085,
0,48363,354350383477,354417050141,0,354425450251,354425450876,354426406960,354426449876,354583716801,354425447543,16666666,16666666,354426734835,354496700085,354496746918,354573273835,354632334543,1917,127917,354632334543,354573712793,0,354573273835,
0,48371,354433716807,354483716805,0,354498752710,354498753168,354502793085,354502836960,354650383465,354498750835,16666666,16666666,354503635418,354573784710,354573826002,354649051835,354708703335,3375,254833,354708703335,354650076668,0,354649051835,
0,48379,354517050137,354567050135,0,354575833877,354575834585,354578347377,354578397543,354733716795,354575831335,16666666,16666666,354578610168,354650158127,354650199377,354724458377,354784914668,2375,335209,354784914668,354725144210,0,354724458377,
0,48387,354583716801,354650383465,0,354653079710,354653080502,354653948168,354653992502,354817050125,354653077210,16666666,16666666,354654979710,354725221793,354725259335,354799546960,354859507002,2541,367541,354859507002,354800288877,0,354799546960,
0,48395,354667050131,354717050129,0,354727768335,354727768918,354728730752,354728779335,354883716789,354727766418,16666666,16666666,354728944877,354800368335,354800509210,354875694877,354933931127,2417,572291,354933931127,354876549835,0,354875694877,
0,48403,354733716795,354800383459,0,354803233835,354803234210,354804166585,354804201252,354967050119,354803231627,16666666,16666666,354804341377,354876627210,354876663293,354948984210,355008173460,1541,185375,355008173460,354949508585,0,354948984210,
0,48411,354817050125,354867050123,0,354878952960,354878953668,354879856043,354879896710,355033716783,354878950627,16666666,16666666,354883059127,354949577127,354949806460,355024812460,355086041043,1875,184166,355086041043,355025470793,0,355024812460,
0,48419,354883716789,354950383453,0,354951997793,354951998210,354953109918,354953152710,355117050113,354951995543,16666666,16666666,354953770085,355025547335,355025582127,355100923877,355160192127,3291,363250,355160192127,355102001502,0,355100923877,
0,48427,354967050119,355017050117,0,355027590210,355027590543,355029198335,355029633793,355183716777,355027588377,16666666,16666666,355029778460,355102129293,355102166168,355175450502,355235415169,1916,145000,355235415169,355176420210,0,355175450502,
0,48435,355033716783,355100383447,0,355102746960,355102747668,355105467127,355105524002,355267050107,355102744918,16666666,16666666,355106194293,355176502252,355176540335,355255967377,355314126210,2000,146333,355314126210,355256559585,0,355255967377,
0,48443,355117050113,355167050111,0,355178972293,355178973085,355180512710,355180549293,355333716771,355178970085,16666666,16666666,355181210085,355256630752,355256728419,355328838044,355390593335,2041,108667,355390593335,355329251794,0,355328838044,
0,48451,355183716777,355250383441,0,355259002377,355259002960,355260837960,355260882877,355417050101,355259000544,16666666,16666666,355261016127,355329322710,355329357835,355407288544,355462284669,2208,204750,355462284669,355408116377,0,355407288544,
0,48459,355267050107,355317050105,-1062997327,355333711377,355333712294,355336380502,355336608919,355483716765,355333708294,16666666,16666666,355337964294,355408195960,355408505960,355477867669,355533895960,1917,114375,355533895960,355478268419,0,355477867669,
0,48467,355350383437,355400383435,0,355412712544,355412713044,355413367210,355413403460,355567050095,355412710085,16666666,16666666,355413534169,355478343210,355478378710,355561398294,355605645544,2875,208416,355605645544,355561871335,0,355561398294,
0,48475,355417050101,355467050099,0,355480816127,355480816544,355483731877,355483772544,355633716759,355480814294,16666666,16666666,355483917044,355561997502,355562029877,355620519877,355679082169,1875,119125,355679082169,355621117960,0,355620519877,
0,48483,355500383431,355550383429,0,355566911544,355566912335,355569500960,355569555835,355700383423,355566909335,16666666,16666666,355569970252,355621194169,355621259794,355695187794,355756182752,2083,159541,355756182752,355695804502,0,355695187794,
0,48491,355583716761,355617050093,0,355623470294,355623470877,355624640085,355624678294,355783716753,355623468085,16666666,16666666,355624840669,355695893210,355696419544,355773437377,355833801377,1666,117625,355833801377,355773831710,0,355773437377,
0,48499,355633716759,355683716757,0,355698728294,355698728752,355701503669,355701546210,355867050083,355698726169,16666666,16666666,355702103960,355773904335,355773940585,355860285835,355912140169,2500,259833,355912140169,355861316169,0,355860285835,
0,48507,355717050089,355767050087,0,355776873419,355776874169,355779065502,355779113169,355933716747,355776870919,16666666,16666666,355779348502,355861409794,355861445710,355928321544,355967149502,1750,182333,355967149502,355929120252,0,355928321544,
0,48515,355783716753,355850383417,0,355863305960,355863306294,355868118960,355868168877,356000383411,355863304127,16666666,16666666,355868309960,355929188961,355929234377,355988461836,356020868961,2958,222291,356020868961,355989180877,0,355988461836,
0,48523,355883716749,355917050081,0,355931910002,355931910502,355933032586,355933076211,356050383409,355931907711,16666666,16666666,355933212377,355989259752,355989296711,356036632961,356073480877,1583,110000,356073480877,356037162127,0,356036632961,
0,48531,355933716747,355983716745,0,355991679461,355991679877,355994532002,355994576377,356100383407,355991677544,16666666,16666666,355995354127,356037242252,356037276252,356091880294,356148497794,2083,172208,356148497794,356092571669,0,356091880294,
0,48539,356000383411,356033716743,0,356039859461,356039860002,356040592502,356040632836,356167050071,356039857169,16666666,16666666,356041676294,356092646836,356092680002,356164383544,356225324836,2083,120542,356225324836,356164806794,0,356164383544,
0,48547,356050383409,356083716741,0,356095966086,356095966711,356097083086,356097125086,356250383401,356095963627,16666666,16666666,356097260669,356164885711,356164940919,356244781044,356300399544,1833,171041,356300399544,356245301877,0,356244781044,
0,48555,356100383407,356167050071,0,356168326461,356168327086,356169410336,356169459502,356333716731,356168324377,16666666,16666666,356169621502,356245377086,356245393794,356317414919,356374070627,2042,111292,356374070627,356317973669,0,356317414919,
0,48563,356183716737,356233716735,0,356247606961,356247607377,356250044669,356250608336,356400383395,356247604919,16666666,16666666,356251487294,356318055794,356318113586,356392853169,356451433044,2083,228917,356451433044,356393398586,0,356392853169,
0,48571,356267050067,356317050065,0,356321266169,356321267044,356322281002,356322319461,356483716725,356321263961,16666666,16666666,356322470586,356393470961,356393600711,356469675502,356527054002,1709,189333,356527054002,356470263836,0,356469675502,
0,48579,356333716731,356383716729,0,356396745419,356396745961,356398197002,356398241169,356550383389,356396743211,16666666,16666666,356398407044,356470346127,356470418836,356542346627,356601740669,2000,210584,356601740669,356542847461,0,356542346627,
0,48587,356400383395,356467050059,0,356472701044,356472701419,356474450211,356474493627,356633716719,356472699127,16666666,16666666,356474669627,356542920836,356542953836,356618432336,356674750086,1625,172625,356674750086,356618915044,0,356618432336,
0,48595,356483716725,356533716723,0,356546001794,356546002252,356547528169,356547564919,356700383383,356545999627,16666666,16666666,356547933294,356618988586,356619033044,356740344169,356765585253,1750,232583,356765585253,356740972253,0,356740344169,
0,48603,356550383389,356617050053,0,356621335544,356621336253,356623398836,356623438503,356783716713,356621333669,16666666,16666666,356623568878,356741052628,356741102211,356780534753,356843076086,2333,202375,356843076086,356781046669,0,356780534753,
0,48618,356633716719,356733716715,0,356744273669,356744274378,356745350044,356745398003,356867050043,356743804961,16666666,16666666,356745622503,356781123044,356781158836,356859429211,356924654628,2208,342708,356924654628,356860241086,0,356859429211,
0,48635,356750383381,356783716713,0,356784842503,356784843461,356786430253,356786676586,356950383373,356784839961,16666666,16666666,356787038378,356860336503,356860562419,356942268086,356999881044,1583,236709,356999881044,356942725878,0,356942268086,
0,48643,356800383379,356850383377,0,356862767419,356862767753,356864299628,356864335169,357017050037,356862765544,16666666,16666666,356864666461,356942791461,356942839836,357019149169,357076209294,2000,179292,357076209294,357019611669,0,357019149169,
0,48651,356867050043,356933716707,0,356945667919,356945668378,356946520503,356946564628,357100383367,356945665711,16666666,16666666,356946738419,357019688378,357019723961,357092272461,357150831419,3208,258292,357150831419,357092841336,0,357092272461,
0,48659,356950383373,357017050037,0,357021986128,357021986669,357022770753,357023084711,357183716697,357021984003,16666666,16666666,357024394753,357092918711,357092955378,357170539211,357231326878,1750,229375,357231326878,357171166169,0,357170539211,
0,48667,357033716703,357083716701,0,357095050669,357095051294,357095948794,357096459586,357250383361,357095047586,16666666,16666666,357096624586,357171255044,357171345503,357249836711,357305313961,2166,125542,357305313961,357250340503,0,357249836711,
0,48675,357100383367,357167050031,0,357174001128,357174001628,357174954836,357175036919,357333716691,357173999253,16666666,16666666,357175181211,357250419961,357250595836,357329822003,357413401753,2125,165250,357413401753,357330416878,0,357329822003,
0,48683,357183716697,357250383361,-492741708,357253824711,357253825044,357255272003,357255300586,357433716687,357253821794,16666666,16666666,357255395294,357330557670,357330573253,357431866503,357489975378,2042,156250,357489975378,357432961086,0,357431866503,
0,48691,357267050027,357333716691,-803426805,357334945378,357334945586,357339536878,357339585795,357517050017,357334943086,16666666,16666666,357339821503,357433039003,357433056795,357514179170,357622868211,1709,132875,357622868211,357514589461,0,357514179170,
0,48699,357350383357,357433716687,0,357438057670,357438058295,357442376503,357442421336,357650383345,357438055336,16666666,16666666,357442583920,357514670753,357514837545,357645012253,357762422961,2166,138750,357762422961,357645732753,0,357645012253,
0,48708,357450383353,357517050017,0,357519682211,357519683045,357520751003,357520799503,357783716673,357519680003,16666666,16666666,357522790795,357645830086,357645959670,357788638628,357847830711,2209,355959,357847830711,357789323920,0,357788638628,
0,48716,357533716683,357633716679,0,357650844670,357650845670,357651799920,357651840503,357867050003,357649901920,16666666,16666666,357652270045,357789411670,357789452836,357866314920,357921713420,1834,197916,357921713420,357866829211,0,357866314920,
0,48731,357667050011,357783716673,0,357793043711,357793044670,357795000336,357795045586,357950383333,357792458878,16666666,16666666,357795200628,357867299961,357867381711,357952288045,358003201712,2458,968166,358003201712,357953621753,0,357952288045,
0,48746,357800383339,357867050003,0,357870356836,357870357420,357871281045,357871315295,358033716663,357870354378,16666666,16666666,357871432461,357953746211,357953795586,358028799295,358327145212,1875,182583,358327145212,358029312753,0,358028799295,
0,48754,357883716669,357950383333,0,357958312920,357958313503,357959176086,357959220545,358350383317,357958310378,16666666,16666666,357959400420,358029384420,358029418420,358343059003,358401936545,2458,856791,358401936545,358344231837,0,358343059003,
0,48762,357967049999,358017049997,0,358031813962,358031815003,358033688462,358033735170,358433716647,358031808962,16666666,16666666,358033912462,358344302628,358344321420,358417613795,358476900045,1541,102709,358476900045,358418041378,0,358417613795,
0,48770,358050383329,358333716651,0,358346553253,358346553878,358347928503,358347966337,358500383311,358346472378,16666666,16666666,358348800045,358418118337,358418152753,358495543420,358553703962,3333,475292,358553703962,358496333045,0,358495543420,
0,48785,358350383317,358417049981,0,358420674087,358420674837,358421414212,358421453670,358583716641,358420671128,16666666,16666666,358421584712,358496410503,358496447295,358568917170,358627600962,2375,93209,358627600962,358569337753,0,358568917170,
0,48793,358433716647,358483716645,0,358498675920,358498676420,358499795670,358499844628,358650383305,358498673712,16666666,16666666,358500456295,358569407962,358569446795,358642976045,358702030962,2208,135709,358702030962,358643697712,0,358642976045,
0,48801,358500383311,358567049975,0,358572453878,358572454420,358573367795,358573406712,358733716635,358572451503,16666666,16666666,358573618670,358643775753,358643810170,358718026295,358776607712,2166,105458,358776607712,358718410670,0,358718026295,
0,48809,358583716641,358633716639,0,358646836253,358646836795,358648401712,358648444670,358800383299,358646833587,16666666,16666666,358648590462,358718695962,358718752920,358791763920,358853032504,2167,162334,358853032504,358792772254,0,358791763920,
0,48817,358650383305,358717049969,0,358721710670,358721711337,358724582879,358724621920,358883716629,358721708712,16666666,16666666,358724792670,358792839462,358792881337,358868668795,358926456170,1541,98333,358926456170,358869097545,0,358868668795,
0,48825,358733716635,358783716633,0,358795304920,358795305504,358797348754,358797424670,358950383293,358795302837,16666666,16666666,358797915212,358869171212,358869203212,358942717420,359000138545,1709,121334,359000138545,358943138462,0,358942717420,
0,48833,358800383299,358867049963,0,358871639670,358871640170,358872664754,358872708254,359017049957,358871637754,16666666,16666666,358872852504,358943523212,358943540379,359013997920,359072571920,1958,208417,359072571920,359014544545,0,359013997920,
0,48841,358883716629,358933716627,0,358947289587,358947290462,358947942129,358948486295,359100383287,358947287545,16666666,16666666,358948863795,359014621379,359014660420,359088193795,359144100587,2625,231666,359144100587,359088765795,0,359088193795,
0,48849,358950383293,359017049957,0,359017797712,359017798545,359018523837,359018562962,359167049951,359017795337,16666666,16666666,359018704587,359088836754,359088872670,359160608629,359219110254,2042,129375,359219110254,359161083879,0,359160608629,
0,48857,359033716623,359083716621,0,359091515962,359091516629,359092246712,359092286087,359250383281,359091513045,16666666,16666666,359092824379,359161155295,359161297587,359234573962,359295719004,2209,162834,359295719004,359235029337,0,359234573962,
0,48865,359100383287,359150383285,0,359163324004,359163324420,359164734254,359164776170,359317049945,359163322170,16666666,16666666,359166015087,359235107712,359235126379,359315098337,359369836004,2917,193625,359369836004,359316278754,0,359315098337,
0,48873,359167049951,359233716615,-672404843,359238298504,359238299087,359239647337,359239686545,359400383275,359238295712,16666666,16666666,359239828670,359316363962,359316384129,359384643920,359438783962,1666,363917,359438783962,359385376379,0,359384643920,
0,48881,359250383281,359317049945,-89309490,359319342920,359319343254,359321076670,359321109337,359467049939,359319341212,16666666,16666666,359321246295,359385450420,359385466879,359457341004,359509060921,3166,263459,359509060921,359457951962,0,359457341004,
0,48889,359333716611,359383716609,0,359387924129,359387924546,359388710504,359388745212,359533716603,359387922129,16666666,16666666,359389300296,359458031046,359458067712,359527026296,359583306462,1917,189542,359583306462,359527554962,0,359527026296,
0,48897,359400383275,359450383273,0,359461343171,359461343962,359462706587,359462763546,359600383267,359461340921,16666666,16666666,359462908504,359527623462,359527660962,359600779796,359660250462,1625,106583,359660250462,359601141712,0,359600779796,
0,48905,359467049939,359517049937,0,359530444421,359530444837,359531758171,359531790087,359683716597,359530441754,16666666,16666666,359534052337,359601208337,359601244296,359677557962,359734207421,1917,168542,359734207421,359678068296,0,359677557962,
0,48913,359533716603,359600383267,0,359603683962,359603684629,359606512046,359606554087,359767049927,359603680671,16666666,16666666,359607211212,359678135671,359678170379,359752571629,359825442087,1958,159375,359825442087,359753151212,0,359752571629,
0,48921,359617049933,359667049931,0,359680307462,359680308087,359681567254,359681609879,359850383257,359680305421,16666666,16666666,359681987671,359753222254,359753270337,359843087712,359898609421,2292,240291,359898609421,359843991629,0,359843087712,
0,48929,359683716597,359750383261,0,359756149629,359756150046,359758141921,359758335296,359917049921,359756147087,16666666,16666666,359758497879,359844337462,359844353129,359916135087,359974223837,1958,235792,359974223837,359916687921,0,359916135087,
0,48937,359767049927,359833716591,0,359846369546,359846370129,359847201712,359847248879,360000383251,359846367337,16666666,16666666,359847655837,359916756171,359916789462,359990829712,360047594212,3250,335542,360047594212,359991649587,0,359990829712,
0,48945,359850383257,359917049921,0,359919406921,359919407087,359921312546,359921354462,360067049915,359919404504,16666666,16666666,359921527087,359991749129,359991789171,360063376504,360123429588,1708,189958,360123429588,360063840171,0,360063376504,
0,48953,359933716587,359983716585,0,359993939421,359993939879,359994924046,359995345587,360150383245,359993937296,16666666,16666666,359995611504,360063907171,360063942879,360138940254,360194932879,2167,211541,360194932879,360139460296,0,360138940254,
0,48961,360000383251,360050383249,0,360066389004,360066389546,360067055379,360067100837,360217049909,360066385629,16666666,16666666,360067256504,360139535838,360139571713,360210669963,360268966421,1834,119417,360268966421,360211173004,0,360210669963,
0,48969,360083716581,360133716579,0,360142710921,360142711796,360143806046,360143841629,360300383239,360142708879,16666666,16666666,360143965921,360211253629,360211287671,360284614546,360344217421,2875,179833,360344217421,360285071296,0,360284614546,
0,48977,360150383245,360200383243,0,360213648796,360213649504,360214651213,360214691213,360367049903,360213646671,16666666,16666666,360215119088,360285145213,360285184504,360359263713,360417540713,2209,121334,360417540713,360359816421,0,360359263713,
0,48985,360217049909,360283716573,0,360287652963,360287653463,360288481963,360288668379,360450383233,360287650921,16666666,16666666,360288821296,360359890296,360359924421,360434013963,360497223379,1958,125334,360497223379,360434480671,0,360434013963,
0,48993,360300383239,360350383237,0,360362733129,360362733713,360363706671,360363753213,360517049897,360362730754,16666666,16666666,360365313588,360434597088,360434646921,360512881129,360574654129,1750,114958,360574654129,360513295129,0,360512881129,
0,49001,360367049903,360433716567,0,360437156213,360437156754,360438196504,360438236296,360600383227,360437153754,16666666,16666666,360439414921,360513367713,360513402796,360589907629,360648897879,12375,297083,360648897879,360590488546,0,360589907629,
0,49009,360450383233,360500383231,0,360515541088,360515541754,360516793254,360516853838,360667049891,360515538546,16666666,16666666,360517250129,360590557963,360590608046,360665378921,360723689296,1917,119583,360723689296,360665779129,0,360665378921,
0,49017,360533716563,360583716561,0,360593848963,360593849338,360594960213,360595047629,360750383221,360593846921,16666666,16666666,360595378838,360665848713,360665886879,360739192463,360800790546,1875,216083,360800790546,360739698671,0,360739192463,
0,49025,360600383227,360667049891,0,360669267546,360669268213,360669986463,360670021421,360833716551,360669264838,16666666,16666666,360670157629,360739769921,360739804713,360817225213,360875825005,1959,98666,360875825005,360817627338,0,360817225213,
0,49033,360683716557,360733716555,0,360741912504,360741913254,360742677213,360742716171,360900383215,360741910504,16666666,16666666,360743043129,360817701630,360817735088,360893076630,360951300088,3417,213708,360951300088,360893541421,0,360893076630,
0,49041,360750383221,360817049885,0,360820237838,360820238421,360824456505,360824507130,360983716545,360820235880,16666666,16666666,360824667630,360893640046,360893683130,360968524671,361023683838,1750,103041,361023683838,360969102921,0,360968524671,
0,49049,360833716551,360883716549,0,360895660380,360895661046,360897734505,360897775421,361050383209,360895658255,16666666,16666666,360897948963,360969232546,360969315713,361038508463,361095528046,2084,311667,361095528046,361039130963,0,361038508463,
0,49057,360900383215,360967049879,0,360971376963,360971377588,360974497338,360974549213,361117049873,360971374796,16666666,16666666,360974748046,361039211546,361039254588,361112675755,361168555546,1625,109042,361168555546,361113146588,0,361112675755,
0,49065,360983716545,361033716543,0,361042282046,361042282671,361043187880,361043226505,361200383203,361042279463,16666666,16666666,361043393088,361113219838,361113256130,361184670838,361246754921,1625,154083,361246754921,361185553880,0,361184670838,
0,49073,361050383209,361100383207,0,361115319671,361115320130,361119284588,361119334171,361267049867,361115317630,16666666,16666666,361119616630,361185609546,361185629255,361263825255,361319236255,1750,110792,361319236255,361264442046,0,361263825255,
0,49081,361133716539,361200383203,0,361201320338,361201321380,361203958213,361203998005,361350383197,361201317630,16666666,16666666,361204207338,361264522546,361264562255,361335398505,361397968171,261000,344917,361397968171,361336329296,0,361335398505,
0,49089,361217049869,361333716531,0,361339152130,361339153213,361340521130,361340557005,361417049861,361338247505,16666666,16666666,361340841796,361341807171,361341826546,361413394880,361470682796,9333,114667,361470682796,361413929671,0,361413394880,
0,49105,361350383197,361350383197,0,361351654421,361351655380,361353071296,361353118963,361500383191,361351651838,16666666,16666666,361353353880,361414055255,361414157963,361485575547,361543127005,2000,226625,361543127005,361486084630,0,361485575547,
0,49112,361367049863,361400383195,0,361416618963,361416619630,361418116421,361418156838,361383716529,361416616005,16666666,16666666,361418331255,361486162755,361486201838,361558696422,352186410500,2041,119417,352186410500,361559245005,0,361558696422,
---PROFILEDATA---


View hierarchy:

  com.kaflul.mathmaze.test/com.kaflul.mathmaze.MainActivity/android.view.ViewRootImpl@e83279d
  9 views, 15.85 kB of render nodes


Total ViewRootImpl   : 1
Total attached Views : 9
Total RenderNode     : 15.85 kB (used) / 48.13 kB (capacity)

